2.168631 0.395200
1.939014 0.405200
1.692894 0.471000
1.686987 0.472600
1.368929 0.166900
1.316574 0.161300
1.296290 0.141600
1.252660 0.135000
1.791175 0.272900
1.217940 0.161800
1.382208 0.163300
1.629781 0.282700
1.651710 0.246600
1.189993 0.085200
1.532070 0.242500
1.571365 0.417600
1.599040 0.274800
1.599040 0.264300
1.278661 0.136900
1.182478 0.157400
9.509994 2.152300
1.624561 0.234700
1.624561 0.225800
1.533819 0.426200
3.631632 1.268500
3.432224 1.214100
6.622247 1.773200
1.484542 0.323000
1.446502 0.182400
3.409348 0.728800
2.753800 0.990400
1.238473 0.111000
3.236105 0.712300
1.497012 0.329400
1.147682 0.082200
1.390078 0.197600
1.186508 0.169100
2.560179 0.920600
1.253499 0.138700
1.385007 0.170600
1.769058 0.273400
1.500149 0.330800
1.500149 0.318800
2.820216 0.743800
1.391492 0.167800
1.628446 0.529500
1.256509 0.181200
1.168958 0.141300
1.675312 0.241900
1.684594 0.260300
1.857148 0.417300
1.929356 0.311400
2.543875 0.587500
1.625622 0.399300
3.365318 1.099200
1.163208 0.131200
1.830379 0.661000
1.435609 0.371900
3.549351 1.271200
4.085981 1.316900
2.783077 1.011200
1.545578 0.259000
8.417468 1.285100
1.557102 0.298300
1.720557 0.500000
1.495078 0.366100
1.128735 0.098300
1.854925 0.608200
1.180621 0.094000
1.667099 0.452300
1.254671 0.189600
