0.000000 0.416886
0.000000 0.885906
0.000000 0.419309
0.000000 0.609160
0.000000 0.226939
0.000000 0.970783
0.000000 0.269902
0.000000 0.674134
0.000000 0.372126
0.000000 0.955998
0.000000 0.275098
0.000000 0.652689
0.000000 0.786852
0.000000 0.510761
0.000000 0.340203
0.000000 0.955144
0.000000 0.773677
0.000000 0.809931
0.000000 0.232934
0.000000 0.588830
0.000000 0.000000
0.000000 0.307235
0.000000 0.308160
0.000000 0.752863
0.000000 0.000000
0.000000 0.000000
0.000000 0.000000
0.000000 0.704739
0.000000 0.218493
0.000000 0.000000
0.000000 0.000000
0.000000 0.734457
0.000000 0.000000
0.000000 0.668093
0.000000 0.196599
0.000000 0.763830
0.000000 0.610419
0.000000 0.000000
0.000000 0.248461
0.000000 0.761524
0.000000 0.525854
0.000000 0.023991
0.000000 0.037597
0.000000 0.000000
0.000000 0.281030
0.000000 0.940461
0.000000 0.464852
0.000000 0.748837
0.000000 0.651643
0.000000 0.771254
0.000000 0.000000
0.000000 0.210558
0.000000 0.000000
0.000000 0.055945
0.000000 0.000000
0.000000 0.170310
0.000000 0.217685
0.000000 0.112281
0.000000 0.000000
0.000000 0.000000
0.000000 0.000000
0.000000 0.889979
0.000000 0.007167
0.000000 0.000000
0.000000 0.000000
0.000000 0.000000
0.000000 0.415602
0.000000 0.505805
0.000000 0.165104
0.000000 0.033775
0.000000 0.807883
